CUP: {
    rows: [
      [11],
      [11],
      [5, 11],
      [1, 2, 8, 1],
      [1, 2, 8, 1],
      [2, 2, 8, 2],
      [4, 10],
      [11],
      [11],
      [9],
      [7],
      [1],
      [1],
      [1],
      [1],
      [5],
      [7],
    ],
    columns: [
      [4],
      [1, 2],
      [1, 1],
      [9],
      [10],
      [2, 4, 1],
      [11, 2],
      [11, 2],
      [17],
      [11, 2],
      [11, 2],
      [11, 1],
      [10],
      [9],
      [1, 1],
      [1, 2],
      [4],
    ],
  },